 year  tm players         # Birth Dat    Height    Weight   College  Hometown        GP        GS
 1922  18     411      ABS     96.1     90.0     96.8    100.0     95.9    100.0    100.0 
 1923  20     413      ABS     97.3     93.2     98.5    100.0     96.4    100.0    100.0 
 1924  18     386      ABS     96.4     95.3     97.4     99.7     95.1    100.0    100.0 
 1925  20     476      ABS     98.3     95.4     98.5    100.0     97.3    100.0    100.0 
 1926  22     535     82.6     97.0     92.1     97.8    100.0     96.4    100.0    100.0 
 1927  12     300     86.0     98.3     97.3    100.0    100.0     99.7    100.0    100.0 
 1928  10     223     89.7     99.1     97.8     98.7    100.0    100.0    100.0    100.0 
 1929  12     284      ABS     98.6     95.4     98.6    100.0     98.9    100.0    100.0 
 1930  11     345     81.4     97.4     98.3     99.4    100.0     98.3    100.0    100.0 
 1931  10     290      ABS     99.0     98.6     99.7    100.0     99.0    100.0    100.0 
 1932   8     238     86.6    100.0     99.6    100.0    100.0     98.7    100.0    100.0 
 1933  10     295     90.2    100.0    100.0    100.0    100.0     97.3    100.0    100.0 
 1934  10     307     94.8     99.0     99.3    100.0    100.0     98.4    100.0    100.0 
 1935   9     279     95.7    100.0    100.0    100.0    100.0     98.9    100.0    100.0 
 1936   9     260     97.3    100.0    100.0    100.0    100.0     99.2    100.0    100.0 
 1937  10     305     97.7     99.7    100.0    100.0    100.0     99.3    100.0    100.0 
 1938  10     331     98.2    100.0    100.0    100.0    100.0     98.8    100.0    100.0 
 1939  10     354     99.2    100.0    100.0    100.0    100.0     99.2    100.0    100.0 
 1940  10     351     98.0    100.0    100.0    100.0    100.0     98.9    100.0    100.0 
 1941  10     357     98.0    100.0    100.0    100.0    100.0     99.7    100.0    100.0 
 1942  10     349     97.1    100.0    100.0    100.0    100.0    100.0    100.0    100.0 
 1943   8     246     99.2     99.6    100.0    100.0    100.0     99.2    100.0    100.0 
 1944  10     316     99.7    100.0    100.0    100.0    100.0     99.7    100.0    100.0 
 1945  10     430     95.8     99.8    100.0    100.0    100.0     99.5    100.0    100.0 
 1946  10     353     99.2    100.0    100.0    100.0    100.0     99.7    100.0    100.0 
 1947  10     374    100.0    100.0    100.0    100.0    100.0     98.9    100.0    100.0 
 1948  10     379     99.7    100.0    100.0    100.0    100.0     99.2    100.0    100.0 
 1949  10     351     99.1    100.0    100.0    100.0    100.0     99.4    100.0    100.0 
 1950  13     460    100.0    100.0    100.0    100.0    100.0     99.8    100.0    100.0 
 1951  12     429    100.0    100.0    100.0    100.0    100.0     99.8    100.0    100.0 
 1952  12     451     99.6    100.0    100.0    100.0    100.0    100.0    100.0    100.0 
 1953  12     440    100.0    100.0    100.0    100.0    100.0    100.0    100.0    100.0 
 1954  12     444    100.0    100.0    100.0    100.0    100.0     99.8    100.0    100.0 
 1955  12     453     99.8    100.0    100.0    100.0    100.0     98.9    100.0    100.0 
 1956  12     467    100.0    100.0    100.0    100.0    100.0     99.8    100.0    100.0 
 1957  12     446    100.0    100.0    100.0    100.0    100.0    100.0    100.0    100.0 
 1958  12     455     99.8    100.0    100.0    100.0    100.0     99.8    100.0    100.0 
 1959  12     459    100.0    100.0    100.0    100.0    100.0    100.0    100.0    100.0 
 1960  13     515    100.0    100.0    100.0    100.0    100.0     99.6    100.0    100.0 
 1961  14     563     99.8    100.0    100.0    100.0    100.0     99.8    100.0    100.0 
 1962  14     553    100.0    100.0    100.0    100.0    100.0     99.1    100.0    100.0 
 1963  14     578    100.0    100.0    100.0    100.0    100.0     99.5    100.0    100.0 
 1964  14     585    100.0    100.0    100.0    100.0    100.0    100.0    100.0    100.0 
 1965  14     617    100.0    100.0    100.0    100.0    100.0    100.0    100.0    100.0 
 1966  15     684    100.0    100.0    100.0    100.0    100.0    100.0    100.0    100.0 
 1967  16     751    100.0    100.0    100.0    100.0    100.0    100.0    100.0    100.0 
 1968  16     740    100.0    100.0    100.0    100.0    100.0    100.0    100.0    100.0 
 1969  16     750    100.0    100.0    100.0    100.0    100.0    100.0    100.0    100.0 
 1970  26    1222    100.0    100.0    100.0    100.0    100.0    100.0    100.0    100.0 
 1971  26    1228    100.0    100.0    100.0    100.0    100.0    100.0    100.0    100.0 
 1972  26    1252    100.0    100.0    100.0    100.0    100.0    100.0    100.0    100.0 
 1973  26    1269    100.0    100.0    100.0    100.0    100.0    100.0    100.0    100.0 
 1974  26    1335    100.0    100.0    100.0    100.0    100.0     99.9    100.0    100.0 
 1975  26    1242    100.0    100.0    100.0    100.0    100.0    100.0    100.0    100.0 
 1976  28    1381     99.9    100.0    100.0    100.0    100.0    100.0    100.0    100.0 
 1977  28    1375    100.0    100.0    100.0    100.0    100.0    100.0    100.0    100.0 
 1978  28    1439    100.0    100.0    100.0    100.0    100.0    100.0    100.0    100.0 
 1979  28    1438    100.0    100.0    100.0    100.0    100.0     99.9    100.0    100.0 
 1980  28    1485    100.0    100.0    100.0    100.0    100.0    100.0    100.0    100.0 
 1981  28    1452    100.0    100.0    100.0    100.0    100.0    100.0    100.0    100.0 
 1982  28    1465    100.0    100.0    100.0    100.0    100.0    100.0    100.0    100.0 
 1983  28    1553    100.0    100.0    100.0    100.0    100.0    100.0    100.0    100.0 
 1984  28    1603    100.0    100.0    100.0    100.0    100.0    100.0    100.0    100.0 
 1985  28    1508    100.0    100.0    100.0    100.0    100.0    100.0    100.0    100.0 
 1986  28    1541    100.0    100.0    100.0    100.0    100.0    100.0    100.0    100.0 
 1987  28    2840    100.0    100.0    100.0    100.0    100.0     97.9    100.0    100.0 
 1988  28    1579     99.9    100.0    100.0    100.0    100.0    100.0    100.0    100.0 
 1989  28    1576    100.0    100.0    100.0    100.0    100.0     99.9    100.0    100.0 
 1990  28    1546     99.9    100.0    100.0    100.0    100.0    100.0    100.0    100.0 
 1991  28    1564    100.0    100.0    100.0    100.0    100.0     99.9    100.0    100.0 
 1992  28    1590    100.0    100.0    100.0    100.0    100.0    100.0    100.0    100.0 
 1993  28    1620    100.0    100.0    100.0    100.0    100.0    100.0    100.0    100.0 
 1994  28    1561    100.0    100.0    100.0    100.0    100.0    100.0    100.0    100.0 
 1995  30    1711    100.0    100.0    100.0    100.0    100.0    100.0    100.0    100.0 
 1996  29    1664    100.0    100.0    100.0    100.0    100.0    100.0    100.0    100.0 
 1997  30    1733    100.0    100.0    100.0    100.0    100.0    100.0    100.0    100.0 
 1998  30    1741    100.0    100.0    100.0    100.0    100.0    100.0    100.0    100.0 
 1999  31    1806    100.0    100.0    100.0    100.0    100.0    100.0    100.0    100.0 
 2000  31    1780    100.0    100.0    100.0    100.0    100.0    100.0    100.0    100.0 
 2001  31    1780     99.9    100.0    100.0    100.0    100.0    100.0    100.0    100.0 
 2002  32    1877     99.9    100.0    100.0    100.0    100.0    100.0    100.0    100.0 
 2003  32    1871    100.0    100.0    100.0    100.0    100.0    100.0    100.0    100.0 
 2004  32    1929    100.0    100.0    100.0    100.0    100.0    100.0    100.0    100.0 
 2005  32    1917    100.0    100.0    100.0    100.0    100.0    100.0    100.0    100.0 
 2006  32    1911     99.9    100.0    100.0    100.0    100.0    100.0    100.0    100.0 
 2007  32    1946     99.8    100.0     99.9     99.9     99.9     99.9    100.0    100.0 
 2008  32    1922     99.5    100.0    100.0    100.0    100.0    100.0    100.0    100.0 
 2009  32    1955     99.8    100.0    100.0    100.0    100.0     99.9    100.0    100.0 
 2010  32    2013     99.9    100.0    100.0    100.0    100.0    100.0    100.0    100.0 
 2011  32    1971    100.0    100.0    100.0    100.0     99.9     99.4    100.0    100.0 
 2012  32    1980     99.9    100.0    100.0    100.0     99.9     99.1     99.9     99.9 
 2013  32    2150     99.5    100.0     99.9     99.9     99.9     95.6     99.7     89.8 
 2014  32    2143     99.3     99.9     99.9     99.9     99.9     95.1    100.0     89.2 
 2015  32    1987     99.9    100.0    100.0    100.0    100.0     97.7    100.0    100.0 
 2016  32    2208     99.9    100.0    100.0    100.0     98.7     95.8     90.2     90.2 
 2017  32    2087    100.0    100.0    100.0    100.0     99.9     98.1    100.0    100.0 
 2018  32    2110    100.0    100.0    100.0    100.0     99.9     98.2    100.0    100.0 
 2019  32    2129    100.0    100.0    100.0    100.0     99.9     98.8    100.0    100.0 
 2020  31    2191    100.0    100.0    100.0    100.0    100.0     98.1    100.0    100.0 
 2021  32    2346     99.8    100.0    100.0    100.0     99.9     97.7    100.0    100.0 
 2022  32    2149     99.5    100.0    100.0    100.0     99.9     98.2     97.8     97.7 
 2023  32    2092     99.8    100.0    100.0    100.0    100.0     98.5     98.0     98.0 
 2024  32    2159     99.8    100.0    100.0    100.0    100.0     99.0     98.3     98.3 

seasons 103  total player-rows 117,300
